var inputdataDis = [[0.0,0.0804505621300415,0.0677093564733446,0.0825194948874284,0.113428449281114,0.12734494113609,0.140271557001381,0.0790166210291952,0.0821548037333342,0.0778615613991269,0.0822645175427171,0.118751407815117,0.133750021069342,0.126592267628144,0.0966517368033135,0.129614300796651,0.125533437428652,0.115542432122242,0.113924000202266,0.091670791149957,0.0829243327147885,0.0714405453818301,0.0823837317098959,0.0805354524238937,0.0771235981226067,0.0792283870690936,0.0938662931902355,0.0691028444377704,0.20343422611158,0.168849859103565,0.337370270315826,0.127973190603227,0.147084232930385,0.149496710884192,0.403514212994957,0.145725681765596,0.157118756004762,0.233686429964741,0.268082322132616,0.236767610522106,0.238046787729828,0.245676187966111,0.258894556754678,0.184651712286261,0.241652633208041,0.243850893416712,0.244810429554081,0.227645428259274,0.253800526197237,0.211985773980359,0.236089714023907,0.248287254044164,0.281737094453477,0.253890932827873,0.253302830034002,0.238321072253286,0.236821548037333,0.238020431898524,0.202763991192249,0.238344669916198,0.266800080293347,0.213599915416169,0.244658117366194,0.339315698421868,0.412553343742865,0.281589379212911,0.283952823061965,0.266809274187988,0.28087286835722,0.324153127379878,0.319953662771009,0.321505285723261,0.297063316820077,0.280947645366967,0.261023556290386,0.278844388736253,0.301809205233778,0.29912612031437,0.283615407128639,0.358805835671392,0.264732986314888,0.281004953976896,0.530829120741886,0.284159685691389,0.346827723269901,0.281134587891334,0.523467875765966,0.357678664188401,0.403577344404826,0.33893445825742,0.314051795337776,0.352792415649847,0.315202258020524,0.314414034786633,0.504756154929383,0.36204698999551,0.309738939361668,0.291106286018998,0.289137566713198,0.286402689520646,0.283387092078387,0.276628047201455,0.286907434336438,0.282129980217803,0.280164019080396,0.28648512810926,0.288721083285959,0.275620702811953,0.276115027880485,0.275336611467545,0.275195331953228,0.280364445983571,0.293486891804716,0.29068397979182,0.318899735981992],
[0.0804505621300415,0.0,0.080674586696128,0.0663569345716488,0.10191432209584,0.135563363555708,0.152939517964104,0.0503267663387,0.0629938079119593,0.0772844912788248,0.063712770472888,0.102971313516404,0.125837448878115,0.110550147332162,0.106681356467215,0.114792823245843,0.108708610235563,0.118274857609557,0.102560039962795,0.0977611334233313,0.0649732534281735,0.0827171636222106,0.0497123077135244,0.0615653831478976,0.0987053464029653,0.0601351196049077,0.0731598036797031,0.0869592266095828,0.185602360992144,0.15365572235664,0.318063091569658,0.109248291850991,0.128959389035055,0.131153665222714,0.390184904544389,0.12792905990895,0.145330344296031,0.220686262942322,0.258773503808571,0.218768722983358,0.224349110567309,0.232661617175421,0.24729216818085,0.167088921816652,0.224788885194305,0.228025442571103,0.239720076554496,0.208789669739981,0.245754029607405,0.19602731812561,0.22106811603308,0.230164861854071,0.265841463545442,0.234678144733354,0.240944703320682,0.219318211419737,0.230823144710369,0.220812219298904,0.207581898447304,0.233900341246723,0.255431523106556,0.210560720310999,0.225785809836548,0.319960711423567,0.395816471475176,0.26534591262429,0.281579265928806,0.249130640645902,0.272725238926337,0.306343021144425,0.302930247453674,0.303769956497555,0.285502913698443,0.269212864710308,0.280701248990587,0.265210149446757,0.303937898306331,0.282885105430987,0.293973248831226,0.345305214317346,0.249115930414476,0.263250930498753,0.513423852333794,0.276582384191405,0.330454622766841,0.268244134678298,0.506491042848146,0.34098469676237,0.389577494571771,0.325765123573606,0.296303288196418,0.347892376269332,0.298234618997344,0.317688593594614,0.488649983834069,0.348162370308624,0.293909198031894,0.274820833978183,0.272347676319745,0.269468761444483,0.266599653390172,0.259092838415769,0.26851412871759,0.265439077423319,0.262468223601647,0.270007830133603,0.272197509373942,0.257402387654438,0.258491251243091,0.256982839595652,0.258580738484264,0.26297235549113,0.277858803230735,0.275123619575028,0.304122695588616],
[0.0677093564733446,0.080674586696128,0.0,0.0744938377921169,0.110847723055376,0.122676281437373,0.138179026581082,0.0777711547684901,0.0776736994852951,0.0778281569152645,0.0821076084075102,0.120170638684538,0.132688739164612,0.124377458409119,0.0961004095880063,0.127737520437262,0.12408999597001,0.113692620520466,0.117009164780641,0.0878730997369014,0.0837352342221276,0.073161948921786,0.0807282177482007,0.0798704273781924,0.0745223388655041,0.0798829923675351,0.0911614493868438,0.0677577776517874,0.202930400685252,0.166790120240819,0.335246787116902,0.129287304610585,0.144881682237549,0.14876579626023,0.405547289563244,0.140516114598832,0.157137143794045,0.232709731890709,0.267627224347885,0.235503450008964,0.236154377749549,0.245306286938387,0.257591168957734,0.184388153973218,0.240482556883392,0.24204306726713,0.244438076821119,0.227001242708092,0.254428775664374,0.211504626827478,0.238035755056259,0.247799671165035,0.28085723873633,0.254020260279157,0.252682548608887,0.238043110171972,0.236646864039154,0.239125538034376,0.204047152420982,0.239806499164122,0.266423437076219,0.21426034351455,0.243956010278774,0.338483650956855,0.412387240713017,0.279896170283187,0.282695404738227,0.26536675211881,0.280629230149232,0.324648984764184,0.320084522538067,0.321787844751895,0.297335149638297,0.280855399957402,0.261704517420132,0.27910886643876,0.301762929297418,0.300241339734327,0.284927682357069,0.359877230860227,0.265265619277758,0.281118345344135,0.530865589857295,0.284952812335755,0.346560487399001,0.278467745519126,0.523037907959921,0.356755290703287,0.404117332483409,0.339240002022657,0.31392951653905,0.35335845309658,0.315113077242506,0.316032466706609,0.505065989178786,0.361864950881618,0.311212107746316,0.292194230218186,0.290441260973296,0.287687383065153,0.283985921082673,0.277481853550452,0.287216349196377,0.282672726464779,0.280502967329495,0.287779934937872,0.28973547632802,0.275586991864936,0.276052509396926,0.275525086307686,0.275723367968778,0.280679490106603,0.294603337077292,0.291376892984599,0.319578551869655],
[0.0825194948874284,0.0663569345716488,0.0744938377921169,0.0,0.0996802056980694,0.137051242171782,0.152256411592275,0.0644936385910663,0.0649606884388307,0.0827557779797029,0.0696737852949784,0.108214591630185,0.121875799677294,0.11002333716923,0.107042370063453,0.11033684897649,0.104562776678767,0.116285298809237,0.105438341911748,0.0964200506583595,0.0702128539840976,0.0869797596409478,0.066091231016523,0.0653382510454224,0.0975285278889132,0.0662435432044094,0.0760699777967444,0.0886027885082446,0.190657470728938,0.150669851840388,0.321463606734221,0.116826206277285,0.130601112154788,0.138734644280555,0.393984128273218,0.125743058226467,0.147721676292164,0.223508482133964,0.258136673373102,0.222953477360801,0.226108822001603,0.234545752650523,0.24861486315654,0.171977009134134,0.226830236267769,0.229387977756904,0.240188965181189,0.212256687409115,0.245605394977375,0.193903222000377,0.21970895194198,0.232403575199163,0.265787526030214,0.237866280931709,0.242482228967817,0.223794105794146,0.231452007103816,0.225416521735133,0.207854957118143,0.235786928427063,0.25643702871713,0.209782916824368,0.229819477878723,0.326171187253584,0.398882328874805,0.267807118219694,0.280087403291721,0.249892814511643,0.272785305704658,0.306718438508934,0.303788344286837,0.304874449707098,0.285694146706977,0.269183444247457,0.27749932195027,0.26481266673511,0.301469644058369,0.283759751274504,0.292215069712706,0.344522507420239,0.249797810933686,0.263646880894627,0.515113383705661,0.277753992831827,0.333670953575429,0.270659370800497,0.508750289224602,0.344408809589845,0.392899248705576,0.32526344338936,0.298637005119467,0.3494580965267,0.300665484740433,0.317084248253543,0.489554663066746,0.347610123703852,0.294017992451812,0.274301378930965,0.273336019993656,0.270488670823329,0.266060278237898,0.2603171587188,0.269691253694796,0.26536675211881,0.262026916658877,0.270136851121732,0.271599293295965,0.259212359046103,0.259608922368286,0.258577673852717,0.2601020215842,0.263657607105042,0.277334444773041,0.275027696607606,0.304291863250011],
[0.113428449281114,0.10191432209584,0.110847723055376,0.0996802056980694,0.0,0.155367932001955,0.163693922988874,0.0997871613390601,0.0920958555455274,0.10508253818914,0.0961895903660243,0.134564293671383,0.107706169256536,0.0780996832703296,0.121413040313696,0.0987412025920654,0.0917204381810186,0.147150428971801,0.135157606338884,0.117660092521226,0.100025283210263,0.113921854960183,0.100673452782456,0.0992033490293546,0.113696911004632,0.0960054060100489,0.101267378376266,0.114908053392011,0.203585312446848,0.18279240032669,0.341540620924998,0.149900322858933,0.147543008272973,0.169108207542978,0.411019802116741,0.137457612314915,0.170944841229101,0.225982559181866,0.262517564169554,0.226529595913007,0.23037141802034,0.238530693051101,0.255190030140651,0.186832197631959,0.230753271111098,0.233426549209555,0.246192578381783,0.218681074521113,0.252606239283367,0.196803282833313,0.227349691314987,0.239571135461311,0.272137136132466,0.245228138833938,0.247585146956744,0.229281941505378,0.237808359395471,0.230844290668044,0.221155764495324,0.239886486047499,0.260712496188365,0.217300458009185,0.235722571164575,0.333283584147887,0.405781120950281,0.275933295229748,0.284148653017819,0.254747190882108,0.276944317177107,0.311911150202189,0.308924053833318,0.309709518898817,0.287663478939086,0.272087489101404,0.278054939649743,0.268247199309845,0.306430363143515,0.287808742474414,0.295679635676602,0.349554019494121,0.252529929957846,0.26843659353945,0.519124986400697,0.279738035295362,0.339778764248621,0.269698915273664,0.512980093685786,0.352000821321255,0.395825358906662,0.329524813555478,0.301374027554102,0.351724698018869,0.302848421791369,0.321241727410218,0.493599670245646,0.353753790566145,0.295843593464367,0.276336600741334,0.275837065799172,0.272753127073415,0.267944413713,0.261588061421345,0.272360547772243,0.266705996104853,0.264944445891632,0.274450626487304,0.273830957988498,0.259758782850935,0.260912003702075,0.259439141780582,0.260687059746524,0.268009996828106,0.279664177675079,0.277654392306549,0.306017863737288],
[0.12734494113609,0.135563363555708,0.122676281437373,0.137051242171782,0.155367932001955,0.0,0.148660372935013,0.132346113357656,0.131407110251652,0.130326827631331,0.132132202075675,0.166475689044095,0.178242648331998,0.170904081629526,0.149725025934444,0.175988611829171,0.171311984088433,0.159034763647954,0.169595790422107,0.140129051634445,0.136292439400742,0.131465951177355,0.133706809764529,0.133482785198443,0.129078603202233,0.132016052540043,0.141624898292541,0.124149449822022,0.227570651249527,0.208485045364208,0.373845514988347,0.181353862278523,0.192875038116355,0.200104503935753,0.439953601478378,0.192982606683655,0.20798642981151,0.252365052780617,0.283348477720895,0.254500794505729,0.255999705795372,0.260731190440801,0.274261538720853,0.216344292966517,0.260583168737081,0.259870948365555,0.260913229554694,0.256630100504592,0.273751277568276,0.24315583498185,0.267495138728209,0.272695512000331,0.304591584215309,0.280455465540517,0.273999512723584,0.26790917045021,0.260382435370751,0.266077746637716,0.221624653122017,0.259478369064383,0.286091629418624,0.239002952772496,0.270383860424421,0.361627748399879,0.436030260171895,0.302951699874503,0.285749003611668,0.282562706192241,0.298615552698638,0.341955265573308,0.336666324449477,0.339516125325042,0.312198919104453,0.296821823854173,0.260015598974574,0.295899982684832,0.304760138950394,0.319754155257299,0.292601213287629,0.381066706302568,0.279698501548405,0.29481970006451,0.550630624556586,0.307603197636556,0.369896737240023,0.289241764185796,0.542653082176563,0.379549407223643,0.420642745174355,0.354188661782666,0.333001638045562,0.360809491776827,0.333121771602205,0.319434514186946,0.523154976885017,0.380373180183479,0.318817603856532,0.30055577093105,0.29838815703785,0.295812334222587,0.293229462754767,0.286340477500241,0.296057811209503,0.290670801876167,0.28954056576163,0.296302981733264,0.29781905495957,0.283539097803119,0.284948521851589,0.284210252111914,0.28204631577657,0.290118861734551,0.30242151861687,0.2983979638588,0.326173638958822],
[0.140271557001381,0.152939517964104,0.138179026581082,0.152256411592275,0.163693922988874,0.148660372935013,0.0,0.148621758577521,0.150761484323643,0.143141890908311,0.149919936500834,0.182624764981068,0.186306000395337,0.180619576559859,0.158805529208237,0.18625727275374,0.1824540650039,0.173259557436558,0.185060534134632,0.149904919806254,0.154413605738216,0.145074447561856,0.150440004474362,0.151788748818201,0.137771737048484,0.150451343611086,0.157480688990464,0.136491946914452,0.223608082659242,0.226620921933108,0.387096675334466,0.198770469823339,0.203828337728526,0.216754034204353,0.451369966917302,0.209607313436724,0.223880834866926,0.261916589923185,0.292150712450219,0.266541118927624,0.264039153732645,0.270065138743532,0.281159411406865,0.22944896392469,0.269419114413422,0.26921102593138,0.267019201448958,0.264586496926941,0.280107323396776,0.253568227125973,0.276566754570515,0.285818570747785,0.313749622667241,0.288735180591076,0.282416216804294,0.276365408277876,0.266860453534823,0.275771482684066,0.226787331426111,0.264282179014323,0.294053235714603,0.244784073722776,0.280089242070649,0.369610194190378,0.443795423585711,0.312859347202834,0.288843362084685,0.291756600833273,0.305126362420262,0.349908903827265,0.34364510340833,0.346872160427332,0.31944064345004,0.305528748542385,0.257718351166935,0.305430373869726,0.311855373908033,0.328309993610243,0.292696523328742,0.389252030701479,0.287498908225011,0.304075806725947,0.558170537551697,0.310494064574851,0.376576714623043,0.29495331799996,0.550322935549266,0.386789599253456,0.427442243187707,0.361267654193106,0.341344484505989,0.36718913526824,0.341469215009952,0.323419454587524,0.529684787322232,0.388696413002006,0.319284347241142,0.301797559633899,0.298885240274775,0.297320745870026,0.293952409336706,0.285787005042851,0.296968006778965,0.290761514969959,0.288734567664766,0.296989765662949,0.298957872042439,0.284616315791893,0.284883551662792,0.285616305065683,0.282190966385589,0.290023551693439,0.303374006101681,0.299093941683126,0.326528523291966],
[0.0790166210291952,0.0503267663387,0.0777711547684901,0.0644936385910663,0.0997871613390601,0.132346113357656,0.148621758577521,0.0,0.0622840392456716,0.073111688964415,0.0572641727716681,0.102173283461563,0.123038214423075,0.108857244865593,0.105152411788412,0.112258372956465,0.105418728269847,0.117288965640883,0.101165019682596,0.0956088426878657,0.0622993624034066,0.0812351078060762,0.0520539926785952,0.0590640308792275,0.0954402879527802,0.0558051016921363,0.0706569190952595,0.0836224557811976,0.185885839410242,0.148977562300129,0.31692366156048,0.109095366736796,0.127094867201853,0.128228474411093,0.389699773370497,0.128085049654693,0.144140041403172,0.217166227147426,0.255422329211915,0.213967977664965,0.221088036138135,0.2293616219256,0.245750045586394,0.163616694273889,0.222479991786787,0.225661079332585,0.235799186953251,0.206425919427772,0.243194142876187,0.192571333130046,0.218289414609405,0.227163055253774,0.264025056427528,0.232395300693986,0.237975688277938,0.218355304187666,0.228030345981579,0.218163764715978,0.204103848104602,0.232068917434229,0.253964790448156,0.20943691992271,0.223029173760012,0.320800114004294,0.396818912454203,0.263358805529208,0.278825694483816,0.248155474887643,0.271504289718008,0.305107055241516,0.301625633804112,0.302541039247204,0.284931972841235,0.267323825824731,0.276888847346106,0.262812688187531,0.301131921661888,0.281658333422718,0.293352354479802,0.342590563693004,0.246810714564815,0.26106554174258,0.512713470741196,0.276809779852193,0.33009728672846,0.264868136566111,0.505227188798159,0.340697540786415,0.388089922418852,0.323973539971223,0.294350198511508,0.344313499548733,0.296386339711342,0.314444987565258,0.487384291005153,0.346478355273541,0.293633381192663,0.274313637457153,0.272689689200392,0.269028986817487,0.265279103656565,0.258246387182485,0.268430770739511,0.264436023517983,0.262169422025813,0.269833452598578,0.271111710416836,0.257214832203761,0.258673596820138,0.256644810736017,0.257524666453164,0.26288562641835,0.277311153573284,0.275216784374057,0.303396990838284],
[0.0821548037333342,0.0629938079119593,0.0776736994852951,0.0649606884388307,0.0920958555455274,0.131407110251652,0.150761484323643,0.0622840392456716,0.0,0.0770463694076221,0.0658914170396579,0.103571981299618,0.11834810230353,0.10509755488372,0.106180595672434,0.107359559428569,0.102638800993554,0.117597880500822,0.100099447293701,0.0946260153507394,0.0649502686915709,0.0820889141550734,0.061503477590648,0.060889325428627,0.0950259497676243,0.0617161630200105,0.0747969298521162,0.0838247214633003,0.187731666991007,0.151011251794725,0.323371339872235,0.115788215572312,0.128189247127291,0.136239114811824,0.390940642683882,0.122771591478486,0.142871896869019,0.216053459432706,0.256079999141903,0.213795745372023,0.219855747793082,0.228308001599738,0.243653531145084,0.164156682352472,0.219354374071991,0.223853253183003,0.235516934387771,0.206086051789209,0.241300200580135,0.1909581110837,0.218041485917252,0.228743179279413,0.263263495488096,0.235785702574444,0.236854033131732,0.217562790469609,0.228939928624731,0.221201733968529,0.204178931577504,0.230590232712797,0.252261774697483,0.206604893910117,0.224473228144963,0.322542357038769,0.395891861411232,0.263977861101704,0.277783413294678,0.246180319855595,0.269595943653684,0.306802102950168,0.303107689620246,0.303563706794441,0.285087656123823,0.26695024723915,0.277338122330897,0.263217832478046,0.300674678635074,0.282362585752221,0.29279551092771,0.343599746861434,0.248762271933951,0.264825538187608,0.512764343624877,0.276302276868008,0.330241017948015,0.2660995055217,0.504891305180606,0.341824712269406,0.388756173317172,0.322543276428233,0.295669828855651,0.345601564187942,0.297718228581673,0.316546711880197,0.4879414410204,0.346809948406928,0.29087368048458,0.271284555636087,0.270073719711863,0.265896320450133,0.262064305163751,0.25528840481331,0.266792112251324,0.260690124378071,0.25892857416485,0.267501267991303,0.267773100809522,0.253814010576043,0.255169803572441,0.251853565775421,0.25392004682757,0.260623621873501,0.274483111581702,0.271510725444257,0.300939156337581],
[0.0778615613991269,0.0772844912788248,0.0778281569152645,0.0827557779797029,0.10508253818914,0.130326827631331,0.143141890908311,0.073111688964415,0.0770463694076221,0.0,0.0793721182886485,0.116505032891158,0.129894408120048,0.121584046754019,0.105029520063377,0.123599348459333,0.120096781064255,0.123142718358829,0.116007949654233,0.0942392588495067,0.0824940584455882,0.083088903428863,0.0774833858662258,0.0778729005358508,0.0864348681518893,0.0744380614979613,0.0896570217604163,0.0777972041366397,0.198142220356202,0.166701858852265,0.335222270064526,0.129368210883426,0.139438283683748,0.149485984673778,0.40480779397095,0.141668109597353,0.156249932961185,0.229606179523051,0.266844823913933,0.229231681548007,0.231314405147355,0.241395204158092,0.254251946424111,0.179660346885645,0.234830150458086,0.238990081319998,0.244494772504739,0.223260553441811,0.253673956914345,0.20873940978261,0.235069498181907,0.243526655399038,0.279172610774938,0.250481223768669,0.251697882492833,0.234284952505873,0.237721936785845,0.234672628396569,0.205431140027612,0.238766976143376,0.264118527689712,0.21421406757819,0.238960660857147,0.335708933554191,0.410753485635306,0.276793843768148,0.279610853086161,0.258920299659673,0.280242473647999,0.320901859771654,0.317028778422542,0.317726288562642,0.295648989361132,0.277054337449644,0.268263135393889,0.275523247528758,0.304253861818828,0.297131351640421,0.291282502332951,0.355902097280599,0.259853173502583,0.275081021196524,0.525884644203939,0.287016841682667,0.342348764263944,0.274610906717213,0.517242996167678,0.35264132931458,0.400341093491182,0.333228420780041,0.308276497187434,0.351166015687849,0.309530237953316,0.314321482913913,0.500677743266621,0.357500915558675,0.303842588265219,0.283716233506536,0.28265587099127,0.279852958978374,0.276229951563498,0.26906177837504,0.279000072018841,0.274809188378304,0.272918923640108,0.280228682806038,0.281678866454083,0.266548474043337,0.26765817712651,0.266050164953793,0.266359386276886,0.273362069361806,0.28663897261292,0.284033116408497,0.311724207677821],
[0.0822645175427171,0.063712770472888,0.0821076084075102,0.0696737852949784,0.0961895903660243,0.132132202075675,0.149919936500834,0.0572641727716681,0.0658914170396579,0.0793721182886485,0.0,0.103745132982024,0.120228866683931,0.106565206931584,0.110031611674407,0.110287201945428,0.105474811027157,0.122641038174583,0.105050972484206,0.0995524105625591,0.0652138270046138,0.085877411673488,0.058058831731808,0.0596493755047065,0.0986348598773841,0.060161475436212,0.0747926393679504,0.0868838366735263,0.185021306850831,0.156924458364682,0.325050757959997,0.116743154762361,0.129288530463204,0.138053376687654,0.394933551126482,0.130419073040896,0.146767962954734,0.221360788345819,0.257970570343254,0.215591006532262,0.221716592068427,0.231328808915626,0.248354063011889,0.16633257075085,0.223945498592568,0.226760669131652,0.237843909121416,0.210436602733345,0.245326819969752,0.192343937469258,0.220702505489521,0.231210514137911,0.26695545711278,0.236201573075373,0.240859506563675,0.222164334737445,0.233077794139505,0.22185174231965,0.206628798036184,0.234726259448642,0.257470116011627,0.207902765370276,0.225985930276568,0.324381135966976,0.400278575007623,0.266024115585643,0.277970355819046,0.246928089953065,0.270428297581852,0.304272556071265,0.30098665812656,0.301812882791634,0.285097769407929,0.268352316171907,0.278988119955808,0.265787526030214,0.30157659969936,0.282776923937377,0.294449492573632,0.344934700363312,0.243977769162758,0.25933862186584,0.512871912192177,0.280342380636432,0.330106480623101,0.268035739733101,0.504994276800586,0.341616623787364,0.388987246535817,0.323987637276339,0.295124324440283,0.347140315687696,0.296961264589562,0.314368371776582,0.489133582692187,0.34662821575619,0.28885868524242,0.269890454745352,0.268063321417024,0.265169696310337,0.261324196645148,0.254528069726497,0.264118221226557,0.259831414618599,0.257381854623073,0.26607345615355,0.267149448289706,0.253234182287349,0.254484245495375,0.251680720556169,0.252815247154873,0.259130533383798,0.272951102271352,0.270785327157079,0.299360564627716],
[0.118751407815117,0.102971313516404,0.120170638684538,0.108214591630185,0.134564293671383,0.166475689044095,0.182624764981068,0.102173283461563,0.103571981299618,0.116505032891158,0.103745132982024,0.0,0.129055312002476,0.126336064430814,0.12217214954789,0.125824270962463,0.123968023634438,0.133144756338807,0.107160358378013,0.127739665679345,0.103350408438769,0.116727831604626,0.104834303033832,0.104632343814884,0.13327990659003,0.103529382921115,0.110490999943304,0.123170606505906,0.202643244709297,0.173698106210936,0.324375313167036,0.143820706795974,0.154846638175809,0.154911608364605,0.375991369997564,0.146150746161166,0.150192075782209,0.245471164115616,0.261467927864703,0.240342503221694,0.249041766331038,0.255052121721036,0.269634251548022,0.199148032429931,0.244076756761726,0.25131633586523,0.244429189389633,0.223151759021892,0.240096106845314,0.200182345577047,0.218512826249182,0.224193427284721,0.253761911839744,0.23548751392492,0.249763180597205,0.221424532681997,0.239447324346812,0.227616620722732,0.218661154416057,0.235320491505608,0.248723351113304,0.212638234036717,0.250385607264403,0.32340229265086,0.383942863009438,0.280706765327372,0.303009314947587,0.275010534670943,0.278204493669237,0.29946445563716,0.306133093883455,0.303868637633369,0.288192127880945,0.282776004547913,0.291634628497702,0.280893401388585,0.300680194971859,0.280865513241507,0.287843372810895,0.345697793618518,0.25750352049549,0.27449537010789,0.512486075080408,0.277498402560806,0.349191780045265,0.288560496592896,0.517465794881146,0.354607596915142,0.399612017646148,0.339512754230341,0.31106439250575,0.358759253271877,0.31373521889897,0.329060215412951,0.487471326541088,0.361584537095066,0.280152679943672,0.269377435424383,0.26816016377391,0.271602664390667,0.268661843958156,0.268613116316558,0.268405640760825,0.264066122490258,0.269760820830914,0.269996797460033,0.268220230552231,0.274305975878285,0.272988490776225,0.271761105841647,0.274424883582309,0.265652375778991,0.270062687038294,0.271586115380313,0.312416507944291],
[0.133750021069342,0.125837448878115,0.132688739164612,0.121875799677294,0.107706169256536,0.178242648331998,0.186306000395337,0.123038214423075,0.11834810230353,0.129894408120048,0.120228866683931,0.129055312002476,0.0,0.101899611864415,0.125056274296782,0.104051596136725,0.10201147091588,0.149009128005063,0.127734455805715,0.134067516897612,0.119002707601972,0.13280335638447,0.124038203696865,0.121005750781098,0.132939426025158,0.12032662843028,0.124895994066873,0.136637516912935,0.216666692205263,0.190373992310839,0.335780952395546,0.161675556652013,0.159222625561785,0.174001198270935,0.392975251567942,0.149290767644233,0.167434612255155,0.243226321507431,0.263842710850481,0.24400596377299,0.249356197527762,0.257841549355125,0.271099451890648,0.205216922282476,0.24589255095333,0.253962338742919,0.248624363514336,0.226431527703503,0.247336605338282,0.200154763893124,0.221019081928327,0.232787879995158,0.260541489748041,0.238521805619615,0.250724555513502,0.223052158496614,0.239374079652839,0.234281887874326,0.22716274879062,0.236860162394826,0.254139167983181,0.218586683869465,0.251460067084785,0.329434406924841,0.390627130876623,0.283817366347587,0.299501231215724,0.272111393227471,0.281519812076794,0.307385302333564,0.311787032624535,0.31080297943479,0.289126227576474,0.283137018144151,0.284549506824168,0.278720884084909,0.301217731345205,0.284413130720326,0.287080892481999,0.350459924579418,0.260566619726727,0.276433749561375,0.518704518952448,0.277124823975226,0.353720999008592,0.283408238036062,0.522399851671833,0.360522642264027,0.404520637994995,0.337830884437341,0.313182359367889,0.358410191738673,0.316048402790653,0.329274739621242,0.493566878688093,0.362420262117936,0.287403291720745,0.272880002819461,0.274604777454119,0.275646752180102,0.272785918630968,0.271079531785592,0.273236725931533,0.266964038081112,0.272238881899826,0.274156728321946,0.273838313104211,0.274070612175475,0.273886734282654,0.274210052910864,0.277016642481616,0.270496332402196,0.274532758612764,0.275960876913671,0.315043203643234],
[0.126592267628144,0.110550147332162,0.124377458409119,0.11002333716923,0.0780996832703296,0.170904081629526,0.180619576559859,0.108857244865593,0.10509755488372,0.121584046754019,0.106565206931584,0.126336064430814,0.101899611864415,0.0,0.120994718107529,0.0910572519142455,0.086539678550797,0.146650894029638,0.124799458173142,0.12649358649233,0.106398184512272,0.124747052973689,0.110668442109876,0.107842545360378,0.131986019150883,0.107520146121632,0.108628010425877,0.129036311286885,0.206514487279481,0.1846020652552,0.3331475145072,0.154974739774474,0.148552804367713,0.167822594609007,0.39755534341495,0.134626812154942,0.164707090178316,0.233997796529918,0.257373580117896,0.231808117289579,0.239295625085235,0.246577496104087,0.26263402016834,0.190849623126936,0.236322013095171,0.240815682332552,0.243716356091798,0.216549010353858,0.243319792769615,0.191275300448815,0.216884281045101,0.228863925762365,0.260831097429234,0.234663740965083,0.243574463651171,0.218047002254037,0.234516025724517,0.224064712759747,0.223366589693338,0.233301512242437,0.252817085933801,0.215263397419887,0.241445464115463,0.325956969508448,0.393630469792693,0.277780655126286,0.293679657129022,0.261575496432003,0.27505987523885,0.30126829776573,0.302965490716465,0.302132523861987,0.280611148823105,0.270766326441488,0.284553797308334,0.26552519356979,0.301061741599462,0.275255705194704,0.289955516873095,0.342101754961255,0.247545306746633,0.266575442800951,0.512561465016465,0.272223865205246,0.342850137985035,0.273936994240025,0.513688636499455,0.351936157595613,0.395405197921567,0.330058672370968,0.302929021601055,0.353544169768329,0.30538440439652,0.326355984535869,0.487182944712515,0.355304187665777,0.281503569529594,0.264653305894666,0.264785697977496,0.264766697261905,0.260633735157606,0.257257430582265,0.263554941948217,0.257733980787825,0.260439743980681,0.265501902370033,0.263517246980189,0.25980934927146,0.259894239565313,0.260560184000478,0.263473116285912,0.260738239093359,0.26746786350744,0.267928784092111,0.304403722301477],
[0.0966517368033135,0.106681356467215,0.0961004095880063,0.107042370063453,0.121413040313696,0.149725025934444,0.158805529208237,0.105152411788412,0.106180595672434,0.105029520063377,0.110031611674407,0.12217214954789,0.125056274296782,0.120994718107529,0.0,0.125139019348551,0.117296320756596,0.123454391387159,0.120797662299056,0.106483381269278,0.106637838699248,0.101076758294042,0.106887606170329,0.107846529381389,0.0989523557056544,0.106690550361856,0.114641430447421,0.0995214577839343,0.215982359980815,0.183571736129095,0.337884821952569,0.149482000652767,0.158692750767307,0.161872305997331,0.39895894466348,0.152148230098666,0.161815610313711,0.247781896302062,0.267139028542446,0.251496842663349,0.252270355665814,0.260149216910024,0.27157416331728,0.204912297906703,0.253676102156428,0.257024212121537,0.24596426333153,0.234339502947409,0.250360783748872,0.211568677626811,0.233175555885855,0.244933627742271,0.274176954890156,0.253268199697521,0.257478084053649,0.237114526813228,0.240256387075223,0.239492067967398,0.210773099277207,0.236489954903947,0.261862652407958,0.215132537652829,0.257819790471141,0.339793168016892,0.406865387591613,0.291056638987936,0.298673167771722,0.280117130217727,0.284303110447789,0.320033956117541,0.320889907708621,0.320809307898935,0.296332402196115,0.286733976190878,0.26301403448017,0.286864223031625,0.300204257692608,0.295542033720141,0.2787398848005,0.357550869052891,0.268990372459995,0.285961076114721,0.529672528796044,0.283977033651187,0.355550890505312,0.289896063021083,0.529852422667854,0.36459982807417,0.410886490644446,0.345576127746101,0.323036988570457,0.358268299298046,0.325014288844588,0.32314149250621,0.504341203817918,0.367550455327632,0.303538270352601,0.288763375201308,0.287106635386994,0.28779280639037,0.285248855743196,0.282036202492465,0.286907127873284,0.280968178398332,0.285077236376564,0.286841851221332,0.287177121912575,0.285435185341254,0.284945763683197,0.28610112977642,0.285929203946633,0.281894922978148,0.290016809504035,0.288615353497587,0.324813861941413],
[0.129614300796651,0.114792823245843,0.127737520437262,0.11033684897649,0.0987412025920654,0.175988611829171,0.18625727275374,0.112258372956465,0.107359559428569,0.123599348459333,0.110287201945428,0.125824270962463,0.104051596136725,0.0910572519142455,0.125139019348551,0.0,0.0908620348847009,0.14487064956398,0.125274476062929,0.12942061608288,0.110661393457318,0.128737509711051,0.11290991362336,0.111413760502109,0.135702804291097,0.109709212435662,0.110466176427774,0.132438971693531,0.210500040606368,0.183210722532857,0.334188569843719,0.155213781035141,0.150036392499621,0.168002488480816,0.393002526788711,0.145149837497912,0.162150574541799,0.236378402315636,0.257322707234216,0.235794283542775,0.241763879333197,0.250525047999792,0.264981834396505,0.196730957528804,0.238307587874479,0.245060503488317,0.24230969021172,0.2169363797814,0.244059288361908,0.194560585467211,0.215826983161382,0.229056997549827,0.257404532896521,0.232137258717728,0.245048551425284,0.217534289396222,0.236694059364978,0.22283150502523,0.225241837736953,0.232450770524987,0.251057987425817,0.216617351637356,0.241646503944947,0.325951146708509,0.389958428273065,0.279604723823067,0.295493612541698,0.263263189024942,0.274453078192542,0.299606348077786,0.301915241485304,0.300781634276065,0.281253495595358,0.272799709472929,0.287114603429016,0.268981178565354,0.299175767345431,0.273986641271087,0.289455981930932,0.340317220011431,0.248138006487825,0.266602411558564,0.510754864719502,0.274650440464169,0.344357017316701,0.275693334579617,0.513437030249446,0.350996848026454,0.396231729049796,0.330026800202879,0.301018223831494,0.351832266586169,0.304123002051771,0.326659995985333,0.486451110699088,0.354499721884687,0.279684097780134,0.264607029958306,0.264170013499702,0.264547576106294,0.261573044726765,0.258669306335973,0.263952424659864,0.258068332089604,0.2619110735864,0.265356945297859,0.263563216453394,0.262924240775842,0.261852232660698,0.2632702376775,0.266052310195876,0.259811494513543,0.26663213848457,0.266695269894439,0.306172321167257],
[0.125533437428652,0.108708610235563,0.12408999597001,0.104562776678767,0.0917204381810186,0.171311984088433,0.1824540650039,0.105418728269847,0.102638800993554,0.120096781064255,0.105474811027157,0.123968023634438,0.10201147091588,0.086539678550797,0.117296320756596,0.0908620348847009,0.0,0.139358296800371,0.124772489415529,0.12590946771947,0.105868922644103,0.125609440291017,0.105859422286307,0.107063209557973,0.132654108828131,0.105490747111202,0.106825394149925,0.128890434825247,0.207370745333715,0.18305381339765,0.332336919463015,0.150830744996606,0.150173994456082,0.165334420255989,0.397617555435354,0.139312940253476,0.160401895781075,0.233798901942517,0.255713469208881,0.233753238932466,0.239461728115083,0.246720920860487,0.262181680552001,0.192505443551785,0.236943520372904,0.241218987844139,0.243341245190444,0.216176351157741,0.241748862638617,0.192232691344101,0.215643105268561,0.22926386017925,0.259112758520825,0.232350250610245,0.243587335103669,0.217861898508597,0.233906776972971,0.221274978662503,0.221980456844625,0.231013764792593,0.25063905229334,0.213649868910386,0.239507391125134,0.324218097568675,0.394164022145028,0.278240349858337,0.294218725818142,0.261042863469132,0.27420331072146,0.298478563668487,0.301458304921645,0.300153384808928,0.280287523731741,0.270483154486544,0.276834603367724,0.266371951266229,0.298168729419084,0.27393147790324,0.289064628482379,0.339289036127409,0.246281452696646,0.26500236742787,0.51082902880294,0.275560023107322,0.342275213106816,0.274359300467203,0.512567287816404,0.350337645780692,0.395338388953842,0.331298009368579,0.303464106269164,0.354211340056113,0.306086817947095,0.326489908934474,0.486952790883334,0.353480731895306,0.281905649188562,0.264696823662633,0.264824005871834,0.264752599956789,0.261163916415239,0.258546414610937,0.263317739466478,0.256861173723236,0.261204676014814,0.265423447802429,0.264123737563342,0.261685823167695,0.262525225748421,0.262124678405227,0.264594158505808,0.259658262936193,0.267146690121313,0.266423437076219,0.305082844652295],
[0.115542432122242,0.118274857609557,0.113692620520466,0.116285298809237,0.147150428971801,0.159034763647954,0.173259557436558,0.117288965640883,0.117597880500822,0.123142718358829,0.122641038174583,0.133144756338807,0.149009128005063,0.146650894029638,0.123454391387159,0.14487064956398,0.139358296800371,0.0,0.128656909901365,0.12842644960903,0.119249103978351,0.117007019538558,0.119779591699139,0.120075941569735,0.124592902006874,0.117785129488344,0.13019504847481,0.118668049837038,0.227058244854867,0.190769942706713,0.344139428476863,0.159438375622695,0.173376626361654,0.174454763739892,0.405106289083629,0.160990305038101,0.174317161783432,0.251734045145087,0.270006604280984,0.255419571043522,0.255904089291105,0.262437883749332,0.274865577598769,0.211529450343009,0.258437620191018,0.26190647663908,0.249369068980259,0.239675945860219,0.251557828831134,0.219853602550999,0.240051363224728,0.248312690486005,0.277895272346144,0.256383704128212,0.26030214202422,0.242126118782054,0.244095757477318,0.243166867655419,0.213254224977666,0.240009990698843,0.262098935500232,0.219645514068957,0.26353624769578,0.343489726588897,0.410637949025983,0.295059354251487,0.29288806280043,0.28089248199912,0.285719276685662,0.32117798307404,0.322584342490963,0.322426207503137,0.297425862732088,0.288827119537486,0.263342562982009,0.289071064208628,0.294371344469183,0.297281825049379,0.274326202446495,0.36067342213614,0.269330546561713,0.287543651845598,0.533238840527301,0.284259592679821,0.362767484872213,0.288353633963473,0.534109808812961,0.370240282436443,0.413517783290709,0.349291074107388,0.326353226367477,0.359811954208275,0.327798506605047,0.321964367529003,0.507130937915162,0.372181726521475,0.304109211209809,0.289487547635867,0.287559894392797,0.289379059679102,0.286962597704285,0.283871916789124,0.288277324637952,0.28243552398304,0.286691990738683,0.287682479654677,0.288320535942765,0.288022653756396,0.287230140038339,0.287785757737812,0.287385516857772,0.282299760805508,0.290387323458069,0.288680936612693,0.327935189172044],
[0.113924000202266,0.102560039962795,0.117009164780641,0.105438341911748,0.135157606338884,0.169595790422107,0.185060534134632,0.101165019682596,0.100099447293701,0.116007949654233,0.105050972484206,0.107160358378013,0.127734455805715,0.124799458173142,0.120797662299056,0.125274476062929,0.124772489415529,0.128656909901365,0.0,0.128100066349273,0.0999924916527098,0.104585454952215,0.106818958423676,0.103083479031025,0.131276250484595,0.100544431794326,0.112918801054846,0.121682114963523,0.207937395706758,0.172402379992859,0.316696878826001,0.136943980067636,0.153248739287197,0.150894489332784,0.359952927259438,0.142550110556583,0.145962884247334,0.24757442074633,0.264116688910784,0.245900825458507,0.250810365196818,0.259608002978822,0.274254490068295,0.198269402565403,0.248988135278966,0.25627337739252,0.245722463902471,0.225003409402596,0.241002318393765,0.202374476522624,0.21557782861661,0.222512170418031,0.253649439861969,0.236757497238001,0.251067487783612,0.218459808123419,0.23905014809832,0.230320851599814,0.220573790964547,0.234083606213234,0.248652251661413,0.213687257415259,0.251574071378333,0.324059043191385,0.378056318733939,0.281983490829856,0.30725076500865,0.277057708544346,0.283334686878933,0.302537974615657,0.31028015329287,0.308877471433803,0.291287712206581,0.287160572902221,0.294181643776423,0.283211795153898,0.302308433712786,0.280209069164137,0.286533549287703,0.345585015177588,0.258658273662403,0.279352811109902,0.513600681574056,0.275174492458708,0.354779216281775,0.292552485646032,0.519599391364175,0.358511018116569,0.403991682589981,0.341969362878425,0.313543372964127,0.358496001421989,0.316909257792209,0.331793253826576,0.488733648275302,0.361607215368514,0.281406727172709,0.271649246790182,0.271347380582801,0.273567093212301,0.271323782919889,0.271560066012164,0.272872034777439,0.266417307813125,0.273680178116386,0.272763853283829,0.27019017571065,0.276967301913709,0.276114414954176,0.27660751417009,0.280073918912914,0.270197224363208,0.272065117291111,0.27273780391568,0.316214812283656],
